image_width: 1300
image_height: 1024
camera_name: left
camera_matrix:
  rows: 3
  cols: 3
  data: [1609.474363490498, 0, 608.875066527146, 0, 1610.2433473365, 548.1485745484752, 0, 0, 1]
distortion_model: plumb_bob
distortion_coefficients:
  rows: 1
  cols: 5
  data: [-0.3931223736553109, 0.8277336620207812, -0.001564128684391577, -0.002926819451093238, 0]
rectification_matrix:
  rows: 3
  cols: 3
  data: [0.9956579388064239, -0.01481918438536854, -0.09190027565734435, 0.01523564521545366, 0.9998765889259964, 0.003831714052847939, 0.09183215126856308, -0.005215236511071853, 0.9957608434265335]
projection_matrix:
  rows: 3
  cols: 4
  data: [1849.140723741208, 0, 856.1752281188965, 0, 0, 1849.140723741208, 541.1270408630371, 0, 0, 0, 1, 0]