image_width: 1300
image_height: 1024
camera_name: right
camera_matrix:
  rows: 3
  cols: 3
  data: [1613.274568179401, 0, 728.0183339610959, 0, 1616.402545305254, 517.7287654944994, 0, 0, 1]
distortion_model: plumb_bob
distortion_coefficients:
  rows: 1
  cols: 5
  data: [-0.3213016814042617, 0.6526471845416226, 0.01195106142470291, -0.006574290987793023, 0]
rectification_matrix:
  rows: 3
  cols: 3
  data: [0.9935724071266541, -0.02997217278035633, -0.1091583283830007, 0.02947675637588896, 0.9995465482538959, -0.00614969164094627, 0.109293149968802, 0.002892530474636676, 0.9940053524188641]
projection_matrix:
  rows: 3
  cols: 4
  data: [1849.140723741208, 0, 856.1752281188965, -10.66907451307448, 0, 1849.140723741208, 541.1270408630371, 0, 0, 0, 1, 0]